9840
22180
36996
49360
68796
81492
95856
108720
136752
150092
164620
177984
195920
209212
224076
237440
282164
296004
311320
325184
343620
356740
372104
385968
410500
424340
439560
453424
471860
485652
501016
514880
592488
606828
622644
637008
655944
670140
686004
700368
725400
739740
752580
768480
782808
801708
816036
831936
846120
883500
897780
913680
928008
946620
960948
976848
991128
1016220
1030404
1046304
1060632
1079532
1093860
1109760
1123368
1267476
1282256
1298656
1313484
1332788
1347616
1364016
1378796
1404388
1418880
1435280
1450108
1469508
1484336
1500736
1515420
1553300
1568080
1584480
1599308
1612660
1632096
1646960
1663276
1678116
1703552
1718416
1734780
1749572
1769008
1783872
1799900
1814740
1877136
1892000
