9338
20845
34238
46043
63464
74947
87501
101544
123656
138178
149223
163502
177507
189837
203824
222137
251858
265597
280221
299031
319419
322957
334615
354151
366557
384881
396090
411717
425893
439377
454817
483528
526799
539123
554086
572220
595593
602043
613676
642603
661675
684637
678817
692972
701323
716289
731028
764433
755121
787554
800641
826276
844188
847233
855898
885897
884813
914725
921549
944597
953071
975107
993923
1046664
1003951
1116963
1127651
1153253
1172784
1182855
1189730
1224810
1219970
1269557
1259108
1283661
1287888
1307586
1319597
1379427
1346134
1396423
1399996
1455670
1474878
1442667
1442437
1483030
1470020
1499486
1512038
1534581
1543538
1560155
1583716
1643617
1596725
1617807
1659478
1684572
