9346 
21186 
35503 
47366 
66301 
78499 
92363 
104726 
132257 
145097 
159128 
171991 
189426 
202219 
216583 
229446 
273669 
287009 
301826 
315189 
333124 
345748 
360612 
373975 
398006 
411346 
426068 
439431 
457366 
470659 
485523 
498886 
575993 
589833 
605150 
619013 
637448 
651146 
666510 
680373 
704904 
718744 
731090 
746488 
760317 
778716 
792545 
807943 
821630 
858506 
872288 
887686 
901515 
919628 
933457 
948855 
962637 
987226 
1000913 
1016311 
1030140 
1048539 
1062368 
1077766 
1090879 
1234481 
1248763 
1264661 
1278990 
1297794 
1312123 
1328021 
1342303 
1367392 
1381388 
1397286 
1411615 
1430514 
1444843 
1460741 
1474928 
1512304 
1526586 
1542484 
1556813 
1569670 
1588605 
1602968 
1618785 
1633125 
1658061 
1672424 
1688288 
1702581 
1721516 
1735879 
1751410 
1765750 
1827643 
1842006 
