1497
2997
4497
5997
7497
8997
10497
11997
13497
14997
16497
17997
19497
20997
22497
23997
25497
26997
28497
29997
31497
32997
34497
35997
37497
38997
40497
41997
43497
44997
46497
47997
49497
50997
52497
53997
55497
56997
58497
59997
61497
62997
64497
65997
67497
68997
70497
71997
73497
74997
76497
77997
79497
80997
82497
83997
85497
86997
88497
89997
91497
92997
94497
95997
97497
98997
100497
101997
103497
104997
106497
107997
109497
110997
112497
113997
115497
116997
118497
119997
121497
122997
124497
125997
127497
128997
130497
131997
133497
134997
136497
137997
139497
140997
142497
143997
145497
146997
148497
149997
