117181
481919
1090233
1906091
2977395
4253965
5831707
7400315
9586151
11875581
14454813
17323547
20017279
23132795
27094787
30401611
34296711
38717043
43170299
47513797
51577305
58304501
62775259
67577529
74419017
80374655
86996431
92571423
99673453
107624109
114242835
120932485
129807881
136944663
145160237
153783739
164408919
170741001
181593291
189100877
202069289
207216775
219039161
229326719
242193047
251526931
262302989
274003783
284090511
296707433
310174365
320020411
333971391
346814267
358807733
371016297
384168749
397929731
416717103
428921767
444838043
459776027
471380677
486607055
499749959
517569235
534626659
548367497
562512379
584480099
596255925
615452649
633764355
651109531
669121705
688728449
705773805
723053191
737443073
759388815
782288561
798240397
816161565
837608617
856147051
879000251
899232937
917014073
937746215
957724273
984779031
1005816359
1024629085
1057908969
1074726335
1096267549
1115932337
1140013979
1169526735
1181650247
