250997 
1001997 
2252997 
4003997 
6254997 
9005997 
12256997 
16007997 
20258997 
25009997 
30260997 
36011997 
42262997 
49013997 
56264997 
64015997 
72266997 
81017997 
90268997 
100019997 
110270997 
121021997 
132272997 
144023997 
156274997 
169025997 
182276997 
196027997 
210278997 
225029997 
240280997 
256031997 
272282997 
289033997 
306284997 
324035997 
342286997 
361037997 
380288997 
400039997 
420290997 
441041997 
462292997 
484043997 
506294997 
529045997 
552296997 
576047997 
600298997 
625049997 
650300997 
676051997 
702302997 
729053997 
756304997 
784055997 
812306997 
841057997 
870308997 
900059997 
930310997 
961061997 
992312997 
1024063997 
1056314997 
1089065997 
1122316997 
1156067997 
1190318997 
1225069997 
1260320997 
1296071997 
1332322997 
1369073997 
1406324997 
1444075997 
1482326997 
1521077997 
1560328997 
1600079997 
1640330997 
1681081997 
1722332997 
1764083997 
1806334997 
1849085997 
1892336997 
1936087997 
1980338997 
2025089997 
2070340997 
2116091997 
2162342997 
2209093997 
2256344997 
2304095997 
2352346997 
2401097997 
2450348997 
2500099997 
